3.487024371053625060e+00
-6.971535783182076784e-01
1.979263887742499506e-01
2.361850552691766372e-02
1.466339273653468472e-03
2.035490956570359597e-02
1.136749934296908737e+00
-2.411724823907262505e-01
-1.042331249160537432e+00
-1.027124054339127908e-02
2.389000347447294559e-01
5.371511596104674435e-01
3.774751543112941365e-01
-6.297120283221506465e-02
-1.213819660271263645e-01
3.816833883183731735e-02
-2.252516162517457510e-01
2.552863214569777231e-02
9.455858825017911251e-02
5.779039554742078089e-01
4.414890952225486442e-02
-2.550366873618530039e-02
1.847872637765718418e-02
5.724494999221052538e-01
-4.049099742855140627e-01
-2.158815027275958198e-01
1.748842082017891542e-01
-1.094993459143915604e-01
-9.347659241233662042e-02
-9.541361296985594043e-02
-1.536595003987863972e-01
3.570463436465877161e-01
-7.086333536159032664e-02
-8.623346495630485053e-02
-1.590100270386038961e-01
2.753028774713039972e-01
-1.182817692496577946e-03
-3.162895920554500973e-01
-8.456985701973512848e-02
-8.589458745698691500e-03
-6.649390736004776592e-01
-2.448755134479485562e-01
1.389432843849204569e-01
-2.238756622213481096e-01
-3.176683429743491771e-02
-3.929765963919033128e-02
2.304117998530529343e-01
-5.729623792636237556e-02
-2.986119888608711193e-02
-2.881911723987705121e-01
4.572707970276371214e-01
-3.276849160436340891e-01
2.985255424886467668e-01
-1.410461129699699945e-01
2.392222392980135684e-04
2.616158075413841516e-02
-3.886341511274843397e-01
-1.209736625878515652e-02
-4.133397289541506509e-02
-2.733989432784649232e-01
3.311939042247357134e-01
1.485296447916912399e+00
-2.103205805450757415e-01
-2.878404309925673421e-01
1.443897775909728232e+00
-8.453854632978913264e-02
-2.267297599835902955e-01
1.645488699141548272e+00
-1.065908834093925311e-01
-1.372325141191396702e-01
-5.135312573886593457e-01
1.045576328996668074e-02
-4.904246042268039368e-02
3.518844326770008135e-01
-6.874272477381332402e-02
-8.531355885135419315e-02
6.822105295779853917e-02
-4.338579552327138100e-01
-6.290382362871380084e-02
2.134360872416980748e-01
2.578858643062430511e-01
-3.364671530863982962e-02
2.857658859997297407e-01
3.239729563378138111e-02
3.143724291409568869e-03
-1.831377835004113219e-01
-5.742149827339058099e-01
3.970289400434474647e-01
-1.171336349295137857e-02
1.385604059107558017e-01
3.722361536344297450e-01
3.065855062960940250e-02
-1.552697181818786798e-01
-4.218268466085611235e-01
-8.648119707524593719e-03
-5.453261462930535375e-01
-1.463059195136088252e-02
-2.960448996965235613e-02
5.705049085461264685e-02
-1.270353246796503299e+00
-6.468627763831591437e-01
-7.346199265534857359e-01
-1.262543527260255871e-01
1.759548824409261081e-01
-7.596643382815493339e-01
-4.864676262422068520e-01
-6.137625168654277374e-02
-7.034618870741875529e-01
-5.391820713125593245e-02
-1.709176466693415955e-02
-6.599084166478233482e-02
6.298337651187799202e-02
-3.543258953425236224e-01
2.331208497353376985e-01
-9.317500963448754198e-03
-2.559588203751683722e-01
3.634206152317560889e-02
-4.443178308652090402e-01
-3.720925705237511649e-01
-1.631645298197553218e-01
-1.676349569693711683e-01
3.798446188794343814e-01
7.266728113861624649e-01
-2.286895481240976968e-01
-8.122795584365768984e-02
-7.313636839699325792e-03
-3.210844521527261297e-01
3.538845628996311610e-01
-5.029371470189911708e-01
-3.071162193973294707e-01
-7.556350575750407916e-01
-3.449716653542930778e-02
-2.087161007956935682e-02
4.919625216268895262e-01
-2.293734859995881226e-01
-7.807512485452248185e-01
9.408782484431217341e-01
4.029021264790855206e-02
7.975260866295379447e-01
1.867383997799866302e-01
-2.313238844270720795e-01
-3.901029335652242969e-01
1.625687780242228431e-01
-2.396141017660253503e-01
-8.487158974483918761e-03
1.047274190261075211e-01
-1.372445209183599177e-02
-7.580412565734216956e-01
-1.166093711241851516e-01
-3.362597208399129012e-02
-6.598489698547342908e-01
-1.822617758980520086e-01
-2.380255664691313666e-01
-2.491707837354875388e-01
-6.448997185279324584e-04
3.881791985614818641e-01
-3.159736934152242993e-01
-8.033700598410482840e-02
-8.611440464632524883e-01
7.647048923087993444e-01
-1.975387156232156008e-02
1.351017643356050013e-01
-4.480834112712730466e-01
-1.652713330784464085e-01
-2.287296377342613873e-01
-4.251453847019135424e-01
6.818047983413155766e-01
-2.767892201787808953e-02
-2.223417591162428764e-01
1.498790402173022063e+00
-4.358108758455364606e-02
-9.265358852687631819e-01
1.650249530885666144e-02
-2.116420797977634771e-01
7.219261678389986281e-02
-1.931542339446515322e-01
8.934033091415505279e-02
3.000302920635129489e-01
-4.064389317717359562e-01
1.169947939517201885e-01
8.029049932753294927e-01
-1.519991096357903859e-01
2.947705811594691916e-02
-2.489944598932121445e-01
8.098972956310773741e-01
-1.328752860755951989e-02
-2.676827966594707009e-01
8.686110771214657911e-01
-6.927635966068413920e-01
2.849868904418275117e-01
-5.174132823060325626e-01
-8.374221750607070691e-02
3.459668039569763209e-01
-4.267795901634857669e-01
-1.751558785182449896e-02
-1.050751074849200495e-01
-2.389177820122569684e-01
7.947223171350851212e-01
3.770011430775789540e-02
-2.788588111610268983e-01
-1.684135695128539598e-02
3.587512839934817177e-03
-1.645862955768984115e-01
3.069007336590151569e-01
-4.618058507843561533e-02
-3.315014813598329835e-01
-3.234337631746977103e-03
-3.512345908970682107e-01
-3.236298689986056853e-01
4.247721127149946263e-03
-9.912876112641438864e-03
1.019146168204744463e+00
-5.342621178324589160e-01
-1.786561714440140433e-02
8.131309656662318031e-02
-5.371278462108362017e-01
-3.440467370919070289e-01
1.110905917589408154e-01
2.720512442374601880e-01
-4.336202942120395143e-01
7.676146469912913384e-01
-2.832740576501364613e-02
1.502945184935362000e-01
-5.282895310825784785e-01
-2.166436923880387874e-02
5.277857741302156569e-01
6.060114890389502185e-02
-9.177212392020336895e-03
2.574401503286663506e-01
4.643381806956271562e-01
-1.966965548000616792e-02
8.358210451415686304e-01
1.563191638692935093e-01
-4.397457660216221864e-01
4.438798635270089221e-01
-5.181154136661393350e-01
-3.722900322963569875e-01
-5.291295622107486385e-02
4.904284533333566620e-01
7.215311716633647787e-01
3.469510721019740673e-01
6.892750490771278882e-01
5.499876692901669584e-01
4.606327546177694555e-03
2.663097937232404653e-03
-2.914205864736151615e-03
