6.178267568652263
-1.0584255837998233
0.5366344892482174
0.1339383458436746
-0.004977342605937874
0.03356240595639099
74.96011532212792
-1.220536555513235
-9.44867349621126
0.029786028287718237
-0.1432760585129912
-73.08968452023072
0.666476133543453
-0.09376675562956353
0.290405212543415
0.2922502731114831
-0.41192580996102385
0.029004154619622722
0.09716554291506013
-72.1906434973911
0.3799603068396006
-0.02218632475734667
0.013766635940919888
0.538386912842075
-3.9371912601697705
-6.032165614456312
1.3747569192288673
-0.09134149871361355
1.3589340273843247
1.4212528835256446
3.8456720438524323
0.26565948085590757
-2.244375800388158
8.333616699387912
-0.4010184112891215
0.6949446855001795
-1.2004974821314258
0.4534957174076313
4.825712580972628
-0.18316712059387327
-1.7463425020430494
-2.4121556679543072
0.2955726423815594
-0.26740735833639
-7.487207070372921
-0.042143795840907855
0.22866952406737995
-0.0566563181049785
-0.02949831320319507
-0.35684945119592365
0.4308209771988505
-0.4093867734861485
0.49991707646386274
-0.15284818890248025
0.00020498427431979582
1.1043415983193028
-0.3703979663800542
109.31450837004127
-5.3644969939005245
-0.3175009694167587
0.5596178278703561
1.8703854032437182
-3.9308205369044624
-3.640906214412418
4.053826199258954
-7.542707892185234
-1.5928265204999066
5.89115794428539
-3.554512667139687
-0.23134653524461235
-6.043395369793262
0.07412180314853195
-12.023615699239905
44.11252926876265
0.09869938582749907
-15.562495910312276
0.5043369537231961
-0.5216179579466415
-7.451540927061416
27.781332774847066
1.5205502802066693
-7.0928139573850455
0.3509786925212899
3.730672105475564
-0.11539619885658847
-6.518320717184205
-0.9390571779481749
0.5464328687313036
-0.23358956865949065
0.46706120722355327
4.523800260149124
2.325691747250276
-1.9430698538332503
-1.1052840441582688
-1.1131702940951724
-1.4246904403432326
-1.6771557707293843
-4.050418949423535
11.635835086266267
-1.5396853843246288
-0.8332036543313152
-2.040519661714873
-5.316454765554099
1.3503071248527105
-1.2107944613738466
-0.532570069358324
0.3320459389449457
-0.9401864372833209
-2.2670214427299027
-4.164185475652955
0.6010810949957244
11.503555674973354
-2.1409620044442543
1.1222234999929617
4.23959822135833
-1.8189616925174164
3.0969274643288327
-0.24716941837579745
-1.0877600135131702
-0.2645074617312442
-2.018287922031746
0.587637657060095
0.9027491430727116
-0.25626840412826635
-0.1500523665650907
0.48901713926046064
-0.6125596212374487
2.0137983119605285
-6.5331248970322475
-3.7236007835589806
-6.098998156816358
-2.043834551764975
-0.10887163312745059
0.6038560695805671
-3.9759133429228726
-1.7773398928769817
1.9696110783355132
0.04684021506539482
0.898264216450516
0.4634496633517133
-10.286570807161013
-0.8330769584830633
0.5141385730279677
-1.3417299495334694
-0.43537001115955454
3.8284420354018542
-1.0236735625962345
-0.7916188731782671
-8.733257439172343
-4.452312931997245
-1.787821254344188
0.08509151785804459
-9.482771014282967
-1.3849771238946298
0.6361668140073508
0.6253652392738902
-0.4909187295582409
-0.01548289506277195
-1.189342767751678
0.9837779805354813
-0.6698417212519482
0.3560570513556173
-1.032468249943625
-1.206347365831349
-0.9761878991669773
-0.39832826640408386
2.479779413692438
-0.07947862339826434
-0.3513955633883356
4.036402184935712
0.09165490120516084
-1.3123355649336002
5.490377598366765
-2.023027892220971
0.16629535711934984
-6.542142705831611
4.037004663208104
1.7266178151951646
-4.239216841302927
0.5844134722943114
3.8501737673979877
-6.035233202404543
0.04712405809849918
-3.5857731196472775
1.1573403662038895
-0.18967048362378003
-2.164950300020343
1.492864939957177
-43.2317532089668
5.6519991932931495
-1.2403017356116273
-1.2496604887094542
0.6659029360202164
-11.57865293379854
-4.104764944950626
-9.137601279768274
-0.9930548396727279
1.1472865743608036
0.7051469017806793
-0.3021561985184249
0.2872391740900416
-0.15373806805209173
-2.283346917267206
0.44424029981544083
-0.1755046510857258
-0.7655083106092773
-1.437910896984209
-2.376873735609759
-4.127252485187563
0.04387166818826144
-0.25786484429167206
3.007996220703422
-1.7731798505070993
-0.8526495275561321
0.17320484871994815
-0.9995795988275252
-0.4411950936984116
0.03493382359441011
2.023894193579703
-1.6080928051099839
4.870307020327703
-5.791936315647989
0.5683605939402859
-1.862656874511749
-4.6985074688174056
1.370203046380537
1.184615976436254
0.49578294784455684
4.221305329609412
3.324874648589425
-1.6929609659585414
0.13923674621650772
-1.1625289155292688
-2.116958131033934
-0.9551142604383474
-1.9655014572135783
-1.5350361806633221
-0.22906953985584746
0.5040839174364258
0.6014872823262717
-0.2603777729768948
-0.0543645521564858
-0.061842743205470854
-0.009218999910636995
0.0026347281988982297
-0.0032233916237778696
