-3.074763559597561862e-04
-3.074763559597561862e-04
-3.074763559597561862e-04
-3.074763559597561862e-04
-3.074763559597561862e-04
-3.074763559597561862e-04
-3.074763559597561862e-04
-3.074763559597561862e-04
-3.074763559597561862e-04
-3.074763559597561862e-04
-3.074763559597561862e-04
-3.074763559597561862e-04
-3.074763559597561862e-04
-3.074763559597561862e-04
-3.074763559597561862e-04
-3.074763559597561862e-04
-3.074763559597561862e-04
-3.074763559597561862e-04
-3.074763559597561862e-04
-3.074763559597561862e-04
-3.074763559597561862e-04
-3.074763559597561862e-04
-3.074763559597561862e-04
-3.074763559597561862e-04
-3.074763559597561862e-04
-3.074763559597561862e-04
-3.074763559597561862e-04
-3.074763559597561862e-04
-3.074763559597561862e-04
-3.074763559597561862e-04
-3.074763559597561862e-04
-3.074763559597561862e-04
-3.074763559597561862e-04
-3.074763559597561862e-04
-3.074763559597561862e-04
-3.074763559597561862e-04
-3.074763559597561862e-04
-3.074763559597561862e-04
-3.074763559597561862e-04
-3.074763559597561862e-04
-3.074763559597561862e-04
-3.074763559597561862e-04
-3.074763559597561862e-04
-3.074763559597561862e-04
-3.074763559597561862e-04
-3.074763559597561862e-04
-3.074763559597561862e-04
-3.074763559597561862e-04
-3.074763559597566199e-04
-3.074763559597566199e-04
-6.591122980275492275e-05
-6.591122980275492275e-05
-6.591122980275492275e-05
-6.591122980275492275e-05
-6.591122980275492275e-05
-6.591122980275492275e-05
-6.591122980275492275e-05
-6.591122980275492275e-05
-6.591122980275492275e-05
-6.591122980275492275e-05
-6.591122980275492275e-05
-6.591122980275492275e-05
-6.591122980275492275e-05
-6.591122980275492275e-05
-6.591122980275492275e-05
-6.591122980275492275e-05
-6.591122980275492275e-05
-6.591122980275492275e-05
-6.591122980275492275e-05
-6.591122980275492275e-05
-6.591122980275492275e-05
-6.591122980275492275e-05
-6.591122980275492275e-05
-6.591122980275492275e-05
-6.591122980275492275e-05
-6.591122980275492275e-05
-6.591122980275492275e-05
-6.591122980275492275e-05
-6.591122980275492275e-05
-6.591122980275492275e-05
-6.591122980275492275e-05
-6.591122980275492275e-05
-6.591122980275492275e-05
-6.591122980275492275e-05
-6.591122980275492275e-05
-6.591122980275492275e-05
-6.591122980275492275e-05
-6.591122980275492275e-05
-6.591122980275492275e-05
-6.591122980275492275e-05
-6.591122980275492275e-05
-6.591122980275492275e-05
-6.591122980275492275e-05
-6.591122980275492275e-05
-6.591122980275492275e-05
-6.591122980275492275e-05
-6.591122980275492275e-05
-6.591122980275492275e-05
-6.591122980275386566e-05
-6.591122980275386566e-05
-7.942593616818650806e-04
-7.942593616818650806e-04
-7.942593616818650806e-04
-7.942593616818650806e-04
-7.942593616818650806e-04
-7.942593616818650806e-04
-7.942593616818650806e-04
-7.942593616818650806e-04
-7.942593616818650806e-04
-7.942593616818650806e-04
-7.942593616818650806e-04
-7.942593616818650806e-04
-7.942593616818650806e-04
-7.942593616818650806e-04
-7.942593616818650806e-04
-7.942593616818650806e-04
-7.942593616818650806e-04
-7.942593616818650806e-04
-7.942593616818650806e-04
-7.942593616818650806e-04
-7.942593616818650806e-04
-7.942593616818650806e-04
-7.942593616818650806e-04
-7.942593616818650806e-04
-7.942593616818650806e-04
-7.942593616818650806e-04
-7.942593616818650806e-04
-7.942593616818650806e-04
-7.942593616818650806e-04
-7.942593616818650806e-04
-7.942593616818650806e-04
-7.942593616818650806e-04
-7.942593616818650806e-04
-7.942593616818650806e-04
-7.942593616818650806e-04
-7.942593616818650806e-04
-7.942593616818650806e-04
-7.942593616818650806e-04
-7.942593616818650806e-04
-7.942593616818650806e-04
-7.942593616818650806e-04
-7.942593616818650806e-04
-7.942593616818650806e-04
-7.942593616818650806e-04
-7.942593616818650806e-04
-7.942593616818650806e-04
-7.942593616818650806e-04
-7.942593616818650806e-04
-7.942593616818667069e-04
-7.942593616818667069e-04
1.824212360048925539e-03
1.065547340292255767e-03
1.065547340292255767e-03
1.065547340292255767e-03
1.065547340292255767e-03
1.065547340292255767e-03
1.065547340292255767e-03
1.065547340292255767e-03
1.065547340292255767e-03
1.065547340292255767e-03
1.065547340292255767e-03
1.065547340292255767e-03
1.065547340292255767e-03
1.065547340292255767e-03
1.065547340292255767e-03
1.065547340292255767e-03
1.065547340292255767e-03
1.065547340292255767e-03
1.065547340292255767e-03
1.065547340292255767e-03
1.065547340292255767e-03
1.065547340292255767e-03
1.065547340292255767e-03
1.065547340292255767e-03
1.065547340292255767e-03
1.065547340292255767e-03
1.065547340292255767e-03
1.065547340292255767e-03
1.065547340292255767e-03
1.065547340292255767e-03
1.065547340292255767e-03
1.065547340292255767e-03
1.065547340292255767e-03
1.065547340292255767e-03
1.065547340292255767e-03
1.065547340292255767e-03
1.065547340292255767e-03
1.065547340292255767e-03
1.065547340292255767e-03
1.065547340292255767e-03
1.065547340292255767e-03
1.065547340292255767e-03
1.065547340292255767e-03
1.065547340292255767e-03
1.065547340292255767e-03
1.065547340292255767e-03
1.065547340292255767e-03
1.065547340292255767e-03
1.065547340292255767e-03
1.065547340292266176e-03
1.065547340292266176e-03
